  20
   1   5  41  44  45  45  57  58  59  70  72  80  82  83  85  85  86  87  98  98
  15  36  36  45  49  50  50  53  62  63  67  68  70  81  90  90  95  96  97 100
   1  20  28  29  29  31  32  33  41  42  42  49  60  65  71  81  85  95  96  98
   7   9  12  14  22  24  30  32  33  38  41  47  51  57  69  77  85  91  93  99
   1   3   8  13  15  18  32  35  39  43  49  49  52  57  67  73  76  78  79  86
   5   6  26  28  41  43  52  64  64  69  71  73  74  75  83  92  94  94  96  99
   0   7   8   8  16  18  19  30  32  43  48  53  61  64  70  72  78  78  85  85
   1   3   5   8   8  23  25  31  34  40  47  53  58  62  68  72  83  89  90  91
   2  11  24  28  40  44  47  50  51  55  68  68  73  75  79  84  87  88  89  93
   0  18  20  24  25  29  32  37  38  39  44  44  48  64  65  66  68  69  72  93
   1   5  18  18  21  34  37  39  58  58  73  75  75  76  76  88  95  97  98  98
   2   5  12  16  22  23  25  32  34  35  53  63  65  66  70  74  80  88  98 100
   0   3   9  21  34  37  37  38  44  47  47  49  50  58  69  72  81  82  84  89
   4  18  20  21  21  28  36  42  51  61  70  72  76  84  84  90  90  96  98 100
   5   6   6  12  23  25  30  32  39  41  45  47  48  56  58  67  76  82  83  94
   4   5   7  17  24  26  32  33  39  42  51  68  70  73  86  88  90  91  97  98
   4  13  14  16  18  25  27  30  33  33  35  40  45  49  54  58  60  67  73  96
   2  11  19  34  34  38  43  44  46  46  60  62  62  70  78  81  88  90  92 100
   8  11  14  27  27  36  38  42  54  61  61  63  64  70  72  76  94  95  96  97
   1   7  10  27  31  40  50  55  59  61  62  64  68  70  71  72  73  78  79  93
